15
2	0	0.45054,0.54946
4	0	0.1902,0.41402,0.34516,0.05061
2	2	0	1	0,0:0.43745,0.56255	0,1:0.60959,0.39041	0,2:0.21847,0.78153	0,3:0.13514,0.86486	1,0:0.31488,0.68512	1,1:0.46877,0.53123	1,2:0.61325,0.38675	1,3:0.3476,0.6524
2	3	0	1	2	0,0,0:0.49289,0.50711	0,0,1:0.59701,0.40299	0,1,0:0.55863,0.44137	0,1,1:0.03362,0.96638	0,2,0:0.26043,0.73957	0,2,1:0.44041,0.55959	0,3,0:0.5441,0.4559	0,3,1:0.22611,0.77389	1,0,0:0.53237,0.46763	1,0,1:0.86189,0.13811	1,1,0:0.36627,0.63373	1,1,1:0.68891,0.31109	1,2,0:0.99421,0.00579	1,2,1:0.11246,0.88754	1,3,0:0.5304,0.4696	1,3,1:0.29751,0.70249
2	2	0	2	0,0:0.41859,0.58141	0,1:0.59402,0.40598	1,0:0.66596,0.33404	1,1:0.48351,0.51649
4	1	4	0:0.38993,0.20093,0.1625,0.24664	1:0.37464,0.25569,0.36714,0.00253
2	3	0	2	3	0,0,0:0.38304,0.61696	0,0,1:0.48937,0.51063	0,1,0:0.55783,0.44217	0,1,1:0.36603,0.63397	1,0,0:0.5639,0.4361	1,0,1:0.85691,0.14309	1,1,0:0.63631,0.36369	1,1,1:0.3337,0.6663
2	2	3	4	0,0:0.06803,0.93197	0,1:0.67317,0.32683	1,0:0.15071,0.84929	1,1:0.3889,0.6111
2	4	0	3	5	7	0,0,0,0:0.3228,0.6772	0,0,0,1:0.42376,0.57624	0,0,1,0:0.45226,0.54774	0,0,1,1:0.61449,0.38551	0,0,2,0:0.37241,0.62759	0,0,2,1:0.10848,0.89152	0,0,3,0:0.59003,0.40997	0,0,3,1:0.44712,0.55288	0,1,0,0:0.67999,0.32001	0,1,0,1:0.69018,0.30982	0,1,1,0:0.53806,0.46194	0,1,1,1:0.71131,0.28869	0,1,2,0:0.75362,0.24638	0,1,2,1:0.49915,0.50085	0,1,3,0:0.40067,0.59933	0,1,3,1:0.65825,0.34175	1,0,0,0:0.33881,0.66119	1,0,0,1:0.80021,0.19979	1,0,1,0:0.69578,0.30422	1,0,1,1:0.63121,0.36879	1,0,2,0:0.81615,0.18385	1,0,2,1:0.37033,0.62967	1,0,3,0:0.60856,0.39144	1,0,3,1:0.35135,0.64865	1,1,0,0:0.67078,0.32922	1,1,0,1:0.56841,0.43159	1,1,1,0:0.82822,0.17178	1,1,1,1:0.04498,0.95502	1,1,2,0:0.18873,0.81127	1,1,2,1:0.55098,0.44902	1,1,3,0:0.74496,0.25504	1,1,3,1:0.43526,0.56474
3	3	1	5	6	0,0,0:0.35996,0.3934,0.24665	0,0,1:0.49043,0.29225,0.21732	0,1,0:0.31272,0.49568,0.1916	0,1,1:0.585,0.37513,0.03987	0,2,0:0.34799,0.27658,0.37542	0,2,1:0.36134,0.26938,0.36928	0,3,0:0.364,0.44671,0.18929	0,3,1:0.37329,0.4974,0.12931	1,0,0:0.41922,0.42968,0.1511	1,0,1:0.27949,0.51303,0.20748	1,1,0:0.31831,0.1603,0.52138	1,1,1:0.19934,0.63002,0.17064	1,2,0:0.27367,0.69669,0.02964	1,2,1:0.2769,0.14351,0.57959	1,3,0:0.03299,0.5245,0.44251	1,3,1:0.44847,0.16282,0.38871	2,0,0:0.14075,0.69334,0.16591	2,0,1:0.27467,0.55728,0.16805	2,1,0:0.28672,0.62712,0.08616	2,1,1:0.4472,0.39291,0.15989	2,2,0:0.37828,0.1977,0.42402	2,2,1:0.74086,0.09305,0.16609	2,3,0:0.36466,0.57181,0.06353	2,3,1:0.3348,0.21839,0.44682	3,0,0:0.30423,0.17854,0.51723	3,0,1:0.03117,0.46172,0.50711	3,1,0:0.26308,0.54572,0.1912	3,1,1:0.09521,0.56027,0.34452	3,2,0:0.72643,0.15783,0.11573	3,2,1:0.00867,0.47824,0.51308	3,3,0:0.36721,0.1377,0.4951	3,3,1:0.31092,0.34468,0.34441
2	4	6	7	8	9	0,0,0,0:0.54771,0.45229	0,0,0,1:0.0476,0.9524	0,0,0,2:0.98965,0.01035	0,0,1,0:0.59561,0.40439	0,0,1,1:0.39731,0.60269	0,0,1,2:0.91493,0.08507	0,1,0,0:0.593,0.407	0,1,0,1:0.49754,0.50246	0,1,0,2:0.62419,0.37581	0,1,1,0:0.97481,0.02519	0,1,1,1:0.44495,0.55505	0,1,1,2:0.83859,0.16141	1,0,0,0:0.40753,0.59247	1,0,0,1:0.42038,0.57962	1,0,0,2:0.62043,0.37957	1,0,1,0:0.17939,0.82061	1,0,1,1:0.04021,0.95979	1,0,1,2:0.36664,0.63336	1,1,0,0:0.63572,0.36428	1,1,0,1:0.44107,0.55893	1,1,0,2:0.25162,0.74838	1,1,1,0:0.62927,0.37073	1,1,1,1:0.47371,0.52629	1,1,1,2:0.16374,0.83626
3	3	1	4	9	0,0,0:0.21792,0.33911,0.44297	0,0,1:0.38939,0.07743,0.53318	0,0,2:0.47805,0.19609,0.32586	0,1,0:0.29321,0.16753,0.53926	0,1,1:0.38601,0.25354,0.36046	0,1,2:0.41769,0.31791,0.26439	1,0,0:0.1894,0.62608,0.18453	1,0,1:0.04335,0.49642,0.46023	1,0,2:0.15657,0.76967,0.07375	1,1,0:0.24245,0.26018,0.49737	1,1,1:0.31796,0.18272,0.49933	1,1,2:0.25243,0.38615,0.36142	2,0,0:0.16889,0.319,0.51211	2,0,1:0.72421,0.20513,0.07065	2,0,2:0.16206,0.68551,0.15242	2,1,0:0.48656,0.04128,0.47216	2,1,1:0.36073,0.3012,0.33807	2,1,2:0.15284,0.83863,0.00853	3,0,0:0.05073,0.24816,0.7011	3,0,1:0.15715,0.29544,0.54741	3,0,2:0.38146,0.41345,0.2051	3,1,0:0.29824,0.3235,0.37826	3,1,1:0.03913,0.43885,0.52202	3,1,2:0.32035,0.28566,0.39399
2	4	1	3	7	11	0,0,0,0:0.13111,0.86889	0,0,0,1:0.03711,0.96289	0,0,0,2:0.9424,0.0576	0,0,1,0:0.13165,0.86835	0,0,1,1:0.28512,0.71488	0,0,1,2:0.25494,0.74506	0,1,0,0:0.16737,0.83263	0,1,0,1:0.15381,0.84619	0,1,0,2:0.8855,0.1145	0,1,1,0:0.46518,0.53482	0,1,1,1:0.64401,0.35599	0,1,1,2:0.42783,0.57217	1,0,0,0:0.43814,0.56186	1,0,0,1:0.31748,0.68252	1,0,0,2:0.57731,0.42269	1,0,1,0:0.45571,0.54429	1,0,1,1:0.83301,0.16699	1,0,1,2:0.3228,0.6772	1,1,0,0:0.29832,0.70168	1,1,0,1:0.96779,0.03221	1,1,0,2:0.68271,0.31729	1,1,1,0:0.38566,0.61434	1,1,1,1:0.82484,0.17516	1,1,1,2:0.57089,0.42911	2,0,0,0:0.39401,0.60599	2,0,0,1:0.68641,0.31359	2,0,0,2:0.36539,0.63461	2,0,1,0:0.61279,0.38721	2,0,1,1:0.09033,0.90967	2,0,1,2:0.54442,0.45558	2,1,0,0:0.22782,0.77218	2,1,0,1:0.2496,0.7504	2,1,0,2:0.58322,0.41678	2,1,1,0:0.28208,0.71792	2,1,1,1:0.66748,0.33252	2,1,1,2:0.19894,0.80106	3,0,0,0:0.37785,0.62215	3,0,0,1:0.52365,0.47635	3,0,0,2:0.54672,0.45328	3,0,1,0:0.49132,0.50868	3,0,1,1:0.3957,0.6043	3,0,1,2:0.19373,0.80627	3,1,0,0:0.35381,0.64619	3,1,0,1:0.34378,0.65622	3,1,0,2:0.03651,0.96349	3,1,1,0:0.09041,0.90959	3,1,1,1:0.31777,0.68223	3,1,1,2:0.46502,0.53498
2	2	5	11	0,0:0.69395,0.30605	0,1:0.37928,0.62072	0,2:0.46707,0.53293	1,0:0.9215,0.0785	1,1:0.5807,0.4193	1,2:0.64926,0.35074	2,0:0.7908,0.2092	2,1:0.0193,0.9807	2,2:0.35635,0.64365	3,0:0.01425,0.98575	3,1:0.56755,0.43245	3,2:0.55866,0.44134
4	1	9	0:0.09706,0.27116,0.28345,0.34832	1:0.02378,0.29901,0.46224,0.21497	2:0.3977,0.52238,0.02123,0.05868
7
2	0
3	0
5	2
6	0
7	1
12	1
14	2
9
5
0	0	-544.11
0	1	-564.15
0	2	850.71
0	3	-561.62
0	4	-518.48
1	0	-817.83
1	1	-898.67
1	2	-790.32
1	3	750.17
1	4	333.74
2	0	-995.62
2	1	606.62
2	2	-802.94
2	3	-930.21
2	4	759.83
